#Minimum neutrino energy: 1.0 MeV maximum 300.0 MeV
#Energy_bin_center  energy_bin_width (MeV)
1.073900428541e+00 1.532621304208e-01
1.238488696079e+00 1.767514110420e-01
1.428302112142e+00 2.038407088531e-01
1.647206736734e+00 2.350817701585e-01
1.899661150449e+00 2.711109030761e-01
2.190807265445e+00 3.126619376618e-01
2.526575054288e+00 3.605811723294e-01
2.913803329777e+00 4.158446109902e-01
3.360379035726e+00 4.795778419946e-01
3.875397885763e+00 5.530789637613e-01
4.469349621963e+00 6.378450240383e-01
5.154331666621e+00 7.356025113008e-01
5.944295518742e+00 8.483425193256e-01
6.855330913796e+00 9.783613011641e-01
7.905993534384e+00 1.128307038502e+00
9.117682946557e+00 1.301233778991e+00
1.051507845945e+01 1.500663640135e+00
1.212664178569e+01 1.730658546667e+00
1.398519674061e+01 1.995902962561e+00
1.612859778743e+01 2.301799302716e+00
1.860050104503e+01 2.654577967651e+00
2.145125346209e+01 3.061424242342e+00
2.473891826789e+01 3.530624643845e+00
2.853045758593e+01 4.071735698477e+00
3.290309629743e+01 4.695778586136e+00
3.794589493342e+01 5.415463616232e+00
4.376156363164e+01 6.245449107272e+00
5.046855410437e+01 7.202639942888e+00
5.820347222566e+01 8.306531885189e+00
6.712386037686e+01 9.579608658322e+00
7.741140622029e+01 1.104779988989e+01
8.927564325648e+01 1.274100923748e+01
1.029582185367e+02 1.469372345693e+01
1.187378144539e+02 1.694571481775e+01
1.369358248586e+02 1.954285117223e+01
1.579229011074e+02 2.253803017738e+01
1.821265013734e+02 2.599225669785e+01
2.100395969799e+02 2.997588533381e+01
2.422307130858e+02 3.457005338132e+01
2.793555082267e+02 3.986833341131e+01
