#Minimum neutrino energy: 1.0 MeV maximum 100.0 MeV
#Energy_bin_center  energy_bin_width (MeV)
1.059253725177e+00 1.220184543020e-01
1.188502227437e+00 1.369069574922e-01
1.333521432163e+00 1.536121328286e-01
1.496235656094e+00 1.723556478384e-01
1.678804018123e+00 1.933862175778e-01
1.883649089490e+00 2.169829049300e-01
2.113489039837e+00 2.434588235995e-01
2.371373705662e+00 2.731652929412e-01
2.660725059799e+00 3.064964997549e-01
2.985382618918e+00 3.438947289039e-01
3.349654391578e+00 3.858562321674e-01
3.758374042884e+00 4.329378131992e-01
4.216965034286e+00 4.857642159747e-01
4.731512589615e+00 5.450364147631e-01
5.308844442310e+00 6.115409156308e-01
5.956621435290e+00 6.861601928984e-01
6.683439175686e+00 7.698843990394e-01
7.498942093325e+00 8.638245034014e-01
8.413951416452e+00 9.692270340946e-01
9.440608762859e+00 1.087490618663e+00
1.059253725177e+01 1.220184543020e+00
1.188502227437e+01 1.369069574922e+00
1.333521432163e+01 1.536121328286e+00
1.496235656094e+01 1.723556478384e+00
1.678804018123e+01 1.933862175778e+00
1.883649089490e+01 2.169829049300e+00
2.113489039837e+01 2.434588235995e+00
2.371373705662e+01 2.731652929412e+00
2.660725059799e+01 3.064964997549e+00
2.985382618918e+01 3.438947289039e+00
3.349654391578e+01 3.858562321674e+00
3.758374042884e+01 4.329378131992e+00
4.216965034286e+01 4.857642159747e+00
4.731512589615e+01 5.450364147631e+00
5.308844442310e+01 6.115409156308e+00
5.956621435290e+01 6.861601928984e+00
6.683439175686e+01 7.698843990394e+00
7.498942093325e+01 8.638245034014e+00
8.413951416452e+01 9.692270340946e+00
9.440608762859e+01 1.087490618663e+01
